9.158908984989124757e-01 2.073381590149816489e-01 7.055303466308333604e-01 3.515264822839154757e-01 1.710934916490256530e-01 7.582851815723185007e-01 2.234889955432552977e-01 2.311550172721245078e-01 2.157006770671996421e-01 7.890934374481551883e-01
5.014788703876587039e-01 2.629441966301040434e-01 7.007883958726225382e-01 9.603344295598754687e-01 2.215138941034359155e-01 2.488556136398090146e-01 4.344320193548723008e-01 8.017227948989718023e-01 2.510161504038950220e-01 9.589656385091220869e-01
8.555313198074565584e-01 6.575429808339083859e-01 8.274023570650549386e-01 9.486155180432521705e-01 8.889225824414318522e-01 6.772321334586121067e-01 3.646296182334669567e-01 2.148586693216010257e-01 4.028355309497433367e-01 3.610742427418724976e-01
9.278430582915053737e-02 9.703787203516228699e-01 5.209930635633981399e-01 5.598645488324957009e-01 5.380653176817217220e-01 8.804117284223537121e-01 1.399811675452705684e-01 2.868314787617343153e-01 6.843849608183242283e-01 8.278734566375116621e-01
2.623498669567655428e-01 5.001799469504035756e-01 6.944081025745080238e-01 7.860959897853923017e-01 8.135808355414999582e-01 6.424001353679014148e-01 6.708558695536331884e-01 5.112881248236212928e-01 4.802091851710573733e-01 7.877431439742602626e-01
9.855800070372606747e-01 9.231981973214069548e-01 8.126617632818655679e-01 7.637016129118260332e-01 8.683882957038532302e-01 1.514827617379749247e-01 8.736412995036180185e-02 7.563925162467961538e-01 2.724652829237788065e-01 8.178189667893434045e-01
6.240995805507327798e-01 5.575438860085962789e-01 8.423449603122680207e-01 6.181664624984347656e-01 2.777144096417510921e-01 3.532760928144946799e-01 2.340112615106320071e-01 6.417649964390430561e-01 3.132151940254100930e-01 7.137659977196468830e-01
8.894155461061443724e-01 9.671756689589764422e-01 4.622135558801321320e-01 6.446081916270915979e-01 8.273572413705121420e-01 4.970034643310733413e-01 3.280851641794146900e-02 4.561608192153033814e-01 8.777741724263457002e-01 7.971474631269775957e-01
1.202851435260400281e-01 7.026571250912304611e-01 5.463950023025088143e-02 2.145135051056108466e-01 6.350043154167015480e-01 1.464861336098933764e-01 3.136644392015645044e-01 5.978669704739925095e-03 1.950707488153091695e-02 2.169757084901636768e-01
1.501020914021049535e-01 3.075851557348515675e-01 3.432510279764924288e-01 2.542401756517962408e-01 1.619929685867113056e-01 2.908926499937664056e-01 3.095022123084710808e-01 3.562030627106446135e-01 3.266579011261182552e-01 2.338025915143645550e-01
